Training:2019-10-24 16:11:19
===================================================
Epoch:1 Iter:100 loss:0.68603 Total:68.60286
